tweet_id,favorites,retweets
892420643555336193,38841,8604
892177421306343426,33272,6318
891815181378084864,25071,4193
891689557279858688,42231,8716
891327558926688256,40369,9488
891087950875897856,20244,3137
890971913173991426,11867,2091
890729181411237888,65634,19072
890609185150312448,27802,4304
890240255349198849,31981,7481
890006608113172480,30691,7402
889880896479866881,27827,5012
889665388333682689,48174,10146
889638837579907072,27209,4583
889531135344209921,15119,2253
889278841981685760,25336,5482
888917238123831296,29124,4540
888804989199671297,25624,4382
888554962724278272,19937,3614
888078434458587136,21786,3529
887705289381826560,30230,5438
887517139158093824,46301,11760
887473957103951883,69218,18398
887343217045368832,33732,10495
887101392804085760,30580,6008
886983233522544640,35203,7833
886736880519319552,12087,3323
886680336477933568,22461,4510
886366144734445568,21161,3211
886267009285017600,116,4
886258384151887873,28012,6347
886054160059072513,0,104
885984800019947520,32763,6866
885528943205470208,36059,6496
885518971528720385,20455,3794
885311592912609280,0,18740
885167619883638784,21979,4421
884925521741709313,77679,18611
884876753390489601,27978,5841
884562892145688576,24331,4919
884441805382717440,27032,5707
884247878851493888,73145,20630
884162670584377345,20413,3018
883838122936631299,21932,3478
883482846933004288,46019,10051
883360690899218434,22595,3719
883117836046086144,37278,6738
882992080364220416,23982,3964
882762694511734784,28359,4976
882627270321602560,27929,6158
882268110199369728,45047,11725
882045870035918850,29412,5039
881906580714921986,24341,3424
881666595344535552,50628,10791
881633300179243008,128,7
881536004380872706,49550,16156
881268444196462592,23108,5200
880935762899988482,17036,2807
880872448815771648,21339,3857
880465832366813184,28567,6353
880221127280381952,27126,4277
880095782870896641,27676,4401
879862464715927552,22350,3532
879674319642796034,313,10
879492040517615616,23448,3219
879415818425184262,106084,44663
879376492567855104,16790,3148
879130579576475649,0,6922
879050749262655488,22635,4770
879008229531029506,19003,2722
878776093423087618,19408,4175
878604707211726852,30343,7329
878404777348136964,0,1309
878316110768087041,0,6734
878281511006478336,7774,1309
878057613040115712,42127,6922
877736472329191424,80150,19419
877611172832227328,0,81
877556246731214848,22811,3871
877316821321428993,27414,5244
877201837425926144,27215,5674
876838120628539392,20722,3409
876537666061221889,23495,4671
876484053909872640,18817,2432
876120275196170240,28005,4762
875747767867523072,25273,4356
875144289856114688,21989,4996
875097192612077568,27503,6136
875021211251597312,25565,4787
874680097055178752,27945,4714
874434818259525634,0,15027
874296783580663808,26146,4182
874057562936811520,22736,4021
874012996292530176,34840,10645
873580283840344065,24365,4018
873337748698140672,0,1617
873213775632977920,7299,1617
872967104147763200,27522,5506
872820683541237760,14799,3762
872668790621863937,0,28
872620804844003328,20907,3781
872486979161796608,40938,9184
872261713294495745,34456,6461
872122724285648897,34673,8298
871879754684805121,38309,11472
871762521631449091,20406,3553
871515927908634625,20381,3529
871166179821445120,0,5814
871102520638267392,21078,5609
871032628920680449,22849,3892
870804317367881728,33948,6369
870726314365509632,120,3
870656317836468226,12553,2715
870374049280663552,83501,26910
870308999962521604,22038,4260
870063196459192321,37065,8585
869772420881756160,42875,10328
869702957897576449,28579,6510
869596645499047938,16175,3220
869227993411051520,20683,3901
868880397819494401,66499,14954
868639477480148993,0,2160
868622495443632128,27614,5947
868552278524837888,10318,2160
867900495410671616,24527,4308
867774946302451713,34501,7568
867421006826221569,16414,2598
867072653475098625,0,131
867051520902168576,32779,8154
866720684873056260,20450,5006
866686824827068416,19693,3616
866450705531457537,124534,36553
866334964761202691,53600,15027
866094527597207552,0,8680
865718153858494464,26094,5816
865359393868664832,27002,5205
865006731092295680,28552,7977
864873206498414592,32982,9078
864279568663928832,14923,3168
864197398364647424,30839,9333
863907417377173506,21073,4307
863553081350529029,15616,4344
863471782782697472,0,2581
863432100342583297,24336,5497
863427515083354112,2314,101
863079547188785154,8966,1147
863062471531167744,8739,2581
862831371563274240,19632,5286
862722525377298433,17477,3689
862457590147678208,21056,5183
862096992088072192,76508,24345
861383897657036800,36983,11169
861288531465048066,17638,4354
861005113778896900,17165,3984
860981674716409858,0,2256
860924035999428608,0,854
860563773140209665,7705,2256
860524505164394496,24236,5522
860276583193509888,18784,3637
860184849394610176,17147,6119
860177593139703809,0,32395
859924526012018688,20075,4296
859851578198683649,15815,3666
859607811541651456,19115,1653
859196978902773760,92665,31772
859074603037188101,34910,14291
858860390427611136,0,8543
858843525470990336,16004,3649
858471635011153920,22160,5088
858107933456039936,16212,3062
857989990357356544,16614,2719
857746408056729600,35340,11173
857393404942143489,6111,1720
857263160327368704,20645,4774
857214891891077121,238,20
857062103051644929,0,179
857029823797047296,19542,4224
856602993587888130,0,11299
856543823941562368,16827,3044
856526610513747968,12221,1988
856330835276025856,0,714
856288084350160898,535,17
856282028240666624,28598,6678
855862651834028034,361,28
855860136149123072,5130,1098
855857698524602368,12240,2245
855851453814013952,47020,18718
855818117272018944,27546,5772
855459453768019968,31060,8735
855245323840757760,0,6348
855138241867124737,0,49
854732716440526848,23728,6497
854482394044301312,30493,7342
854365224396361728,19651,5004
854120357044912130,33246,7994
854010172552949760,16848,3351
853760880890318849,29815,6200
853639147608842240,36436,10871
853299958564483072,16208,3816
852936405516943360,0,2168
852912242202992640,9453,1975
852672615818899456,15618,2305
852553447878664193,17142,3772
852311364735569921,34689,10627
852226086759018497,20943,7338
852189679701164033,11998,1697
851953902622658560,0,10382
851861385021730816,0,23
851591660324737024,16995,3724
851464819735769094,25465,7614
851224888060895234,21699,6169
850753642995093505,32655,10036
850380195714523136,13715,2819
850333567704068097,3586,360
850145622816686080,17177,4128
850019790995546112,21533,5297
849776966551130114,32082,8225
849668094696017920,0,5364
849412302885593088,16722,3391
849336543269576704,12048,2046
849051919805034497,44721,9231
848690551926992896,26597,4676
848324959059550208,26125,4988
848213670039564288,8629,812
848212111729840128,17265,3340
847978865427394560,0,3534
847971574464610304,0,466
847962785489326080,24811,5556
847842811428974592,5801,1466
847617282490613760,7410,456
847606175596138505,19816,3669
847251039262605312,21593,4653
847157206088847362,21132,6361
847116187444137987,22665,3466
846874817362120707,21262,4273
846514051647705089,47328,12632
846505985330044928,14985,3370
846153765933735936,33643,9865
846139713627017216,32665,10698
846042936437604353,16938,3137
845812042753855489,31063,9536
845677943972139009,26621,5210
845397057150107648,8088,1988
845306882940190720,24745,5870
845098359547420673,0,8382
844979544864018432,14468,2825
844973813909606400,16060,3511
844704788403113984,41147,11299
844580511645339650,17489,3425
844223788422217728,14466,2393
843981021012017153,16035,3189
843856843873095681,22733,5055
843604394117681152,17943,2990
843235543001513987,22853,6622
842846295480000512,16165,3915
842765311967449089,7180,1398
842535590457499648,19245,3825
842163532590374912,26071,6348
842115215311396866,14917,3307
841833993020538882,0,16890
841680585030541313,27292,8491
841439858740625411,13465,4029
841320156043304961,21036,5943
841314665196081154,16932,5156
841077006473256960,24432,5814
840761248237133825,0,1925
840728873075638272,0,17804
840698636975636481,194,3
840696689258311684,13124,1085
840632337062862849,9580,1925
840370681858686976,17572,5010
840268004936019968,20562,6292
839990271299457024,14342,2527
839549326359670784,29406,8543
839290600511926273,0,155
839239871831150596,29060,7204
838952994649550848,20965,4381
838921590096166913,11935,2284
838916489579200512,0,37
838831947270979586,0,12206
838561493054533637,11662,1463
838476387338051585,24191,5313
838201503651401729,0,11154
838150277551247360,1791,358
838085839343206401,149,0
838083903487373313,18856,3467
837820167694528512,36577,8680
837482249356513284,4114,488
837471256429613056,13710,2550
837366284874571778,22618,5837
837110210464448512,17133,2645
836989968035819520,13624,2537
836753516572119041,20603,5090
836677758902222849,13500,2448
836648853927522308,0,607
836397794269200385,0,30449
836380477523124226,15751,3241
836260088725786625,22750,4731
836001077879255040,20481,4759
835685285446955009,0,9039
835574547218894849,19082,4004
835536468978302976,0,1879
835309094223372289,0,23258
835297930240217089,17551,3301
835264098648616962,8328,1879
835246439529840640,2234,81
835172783151792128,28005,6351
835152434251116546,24084,3350
834931633769889797,11614,1823
834786237630337024,22627,6032
834574053763584002,14709,2803
834477809192075265,0,11803
834458053273591808,10300,1852
834209720923721728,22122,5301
834167344700198914,16894,4016
834089966724603904,10779,2352
834086379323871233,14004,2450
833863086058651648,14383,2659
833826103416520705,16457,3807
833732339549220864,0,241
833722901757046785,22190,3546
833479644947025920,15963,2287
833124694597443584,21699,5364
832998151111966721,14297,2454
832769181346996225,0,42
832757312314028032,18061,4014
832682457690300417,12767,3266
832645525019123713,3141,576
832636094638288896,17053,3106
832397543355072512,12856,2472
832369877331693569,18438,3534
832273440279240704,12144,2591
832215909146226688,0,6871
832215726631055365,0,10397
832088576586297345,72,2
832040443403784192,0,10802
832032802820481025,19222,5173
831939777352105988,25829,6826
831926988323639298,367,36
831911600680497154,29760,7249
831670449226514432,11238,2013
831650051525054464,7728,2168
831552930092285952,9691,2555
831322785565769729,9870,1696
831315979191906304,6994,1233
831309418084069378,12592,2708
831262627380748289,12820,2282
830956169170665475,8579,1675
830583320585068544,72062,18740
830173239259324417,0,6344
830097400375152640,10584,3348
829878982036299777,0,5587
829861396166877184,13182,2183
829501995190984704,34192,11803
829449946868879360,11292,2265
829374341691346946,37353,10382
829141528400556032,26424,8253
829011960981237760,57112,18071
828801551087042563,0,3786
828770345708580865,27562,6546
828708714936930305,39468,12495
828650029636317184,10264,1494
828409743546925057,6771,1277
828408677031882754,8251,1427
828381636999917570,13616,2476
828376505180889089,7979,1184
828372645993398273,13514,3257
828361771580813312,2366,190
828046555563323392,12698,3184
828011680017821696,11171,2386
827933404142436356,21754,5826
827653905312006145,16675,3344
827600520311402496,8010,1053
827324948884643840,17147,3408
827199976799354881,11429,2502
826958653328592898,23334,5587
826848821049180160,39473,11464
826615380357632002,0,4392
826598799820865537,5533,283
826598365270007810,10886,2617
826476773533745153,19904,4684
826240494070030336,14339,2889
826204788643753985,5266,1048
826115272272650244,16944,3494
825876512159186944,11313,2090
825829644528148480,13764,2780
825535076884762624,56248,19209
825147591692263424,19804,5111
825120256414846976,0,1441
825026590719483904,6883,1441
824796380199809024,0,6133
824775126675836928,16202,3944
824663926340194305,10904,1943
824325613288833024,12755,11595
824297048279236611,16273,4321
824025158776213504,5167,665
823939628516474880,11533,3030
823719002937630720,0,12605
823699002998870016,13613,2701
823581115634085888,14114,2962
823333489516937216,759,29
823322678127919110,17075,4510
823269594223824897,0,11046
822975315408461824,18756,3853
822872901745569793,143526,49199
822859134160621569,14302,2555
822647212903690241,0,7173
822610361945911296,16001,3316
822489057087389700,19681,7173
822462944365645825,31053,16574
822244816520155136,38013,11046
822163064745328640,0,5401
821886076407029760,12340,2630
821813639212650496,0,3744
821765923262631936,9151,1864
821522889702862852,8698,1980
821421320206483457,0,6269
821407182352777218,12810,4894
821153421864615936,276,10
821149554670182400,9493,2262
821107785811234820,10434,2393
821044531881721856,13721,2565
820837357901512704,0,7504
820749716845686786,34289,11154
820690176645140481,13268,3619
820494788566847489,0,632
820446719150292993,0,2900
820314633777061888,3625,632
820078625395449857,21501,7049
820013781606658049,0,1327
819952236453363712,5790,1327
819924195358416896,13986,5437
819711362133872643,14612,3520
819588359383371776,10389,2208
819347104292290561,7855,1348
819238181065359361,2494,453
819227688460238848,25119,7504
819015337530290176,0,41063
819015331746349057,0,21186
819006400881917954,49025,21186
819004803107983360,93781,41063
818646164899774465,0,23413
818627210458333184,24136,8349
818614493328580609,10736,2897
818588835076603904,0,6921
818536468981415936,11889,2784
818307523543449600,0,9116
818259473185828864,11975,2558
818145370475810820,13390,2918
817908911860748288,5256,887
817827839487737858,56460,30449
817777686764523521,11640,2995
817536400337801217,12842,3407
817502432452313088,0,3811
817423860136083457,37313,16890
817415592588222464,6121,1081
817181837579653120,0,9566
817171292965273600,9500,2258
817120970343411712,13211,2941
817056546584727552,9328,1855
816829038950027264,0,5313
816816676327063552,10882,2291
816697700272001025,10669,2471
816450570814898180,33316,9116
816336735214911488,9373,2201
816091915477250048,9723,2421
816062466425819140,0,1178
816014286006976512,0,5981
815990720817401858,5443,1178
815966073409433600,24501,9566
815745968457060357,0,4645
815736392542261248,10717,2551
815639385530101762,8969,1849
815390420867969024,11254,4277
814986499976527872,8323,1454
814638523311648768,12288,3049
814578408554463233,0,6553
814530161257443328,9451,2090
814153002265309185,31349,9782
813944609378369540,0,3635
813910438903693312,10126,2118
813812741911748608,39626,15780
813800681631023104,9108,1984
813217897535406080,20379,8208
813202720496779264,9998,2024
813187593374461952,21646,4915
813172488309972993,10191,2167
813157409116065792,8443,2491
813142292504645637,9176,2654
813130366689148928,4871,499
813127251579564032,12956,3537
813112105746448384,11271,3110
813096984823349248,11479,4077
813081950185472002,10782,3119
813066809284972545,8676,2187
813051746834595840,22854,8244
812781120811126785,8254,2152
812747805718642688,0,7829
812709060537683968,7225,1610
812503143955202048,6649,1380
812466873996607488,8731,2172
812372279581671427,14945,4130
811985624773361665,7944,1586
811744202451197953,8244,1820
811647686436880384,6086,837
811627233043480576,13984,3538
811386762094317568,22805,7213
810984652412424192,5828,1610
810896069567610880,9878,2016
810657578271330305,11974,2977
810284430598270976,38765,12919
810254108431155201,16046,3786
809920764300447744,16904,4392
809808892968534016,0,5540
809448704142938112,7575,1659
809220051211603969,21781,6344
809084759137812480,14428,3952
808838249661788160,11033,3427
808733504066486276,8628,2441
808501579447930884,12331,2921
808344865868283904,46452,23413
808134635716833280,0,6732
808106460588765185,9524,2459
808001312164028416,13744,3984
807621403335917568,15944,4153
807106840509214720,123117,61198
807059379405148160,0,8280
807010152071229440,14241,4299
806629075125202948,82271,39494
806620845233815552,0,6226
806576416489959424,5286,2178
806542213899489280,11161,2679
806242860592926720,0,13209
806219024703037440,7000,1354
805958939288408065,0,6056
805932879469572096,9027,2142
805826884734976000,7187,2067
805823200554876929,0,9103
805520635690676224,6266,1868
805487436403003392,9576,2857
805207613751304193,8503,1916
804738756058218496,15024,4349
804475857670639616,6735,2272
804413760345620481,0,3629
804026241225523202,48788,18312
803773340896923648,10993,3126
803692223237865472,0,8404
803638050916102144,12010,4682
803380650405482500,8464,2098
803321560782307329,0,6036
803276597545603072,10974,2786
802952499103731712,9869,2261
802624713319034886,0,3303
802600418706604034,7782,1659
802572683846291456,9779,2833
802323869084381190,17776,6605
802265048156610565,6931,1532
802239329049477120,9924,2940
802185808107208704,0,303
801958328846974976,8448,1928
801854953262350336,1923,263
801538201127157760,8955,2324
801285448605831168,6639,936
801167903437357056,26851,6732
801127390143516673,0,4493
801115127852503040,8831,2357
800859414831898624,757,109
800855607700029440,0,1840
800751577355128832,11481,3127
800513324630806528,14393,3399
800459316964663297,10340,2425
800443802682937345,0,4897
800388270626521089,12210,3160
800188575492947969,0,4445
800141422401830912,16741,2900
800018252395122689,31091,14907
799774291445383169,0,5309
799757965289017345,9205,2441
799422933579902976,8801,2157
799308762079035393,0,6268
799297110730567681,10847,3139
799063482566066176,8858,2784
798933969379225600,14422,5065
798925684722855936,8119,1621
798705661114773508,0,7487
798701998996647937,0,8842
798697898615730177,0,7360
798694562394996736,0,5627
798686750113755136,0,2622
798682547630837760,0,5357
798673117451325440,0,6289
798665375516884993,0,4397
798644042770751489,0,2092
798628517273620480,0,2216
798585098161549313,0,6460
798576900688019456,0,6665
798340744599797760,0,3801
798209839306514432,11352,2880
797971864723324932,12759,3556
797545162159308800,15892,5480
797236660651966464,21900,7489
797165961484890113,251,32
796904159865868288,0,10085
796865951799083009,8399,2144
796759840936919040,12997,3459
796563435802726400,0,8281
796484825502875648,8302,1991
796387464403357696,12078,4707
796177847564038144,0,16194
796149749086875649,35472,16194
796125600683540480,5418,2019
796116448414461957,9943,2735
796080075804475393,9251,2616
796031486298386433,11832,4174
795464331001561088,54600,26935
795400264262053889,11065,3235
795076730285391872,17776,6133
794983741416415232,0,3812
794926597468000259,11263,2617
794355576146903043,0,11638
794332329137291264,10465,2988
794205286408003585,10088,3761
793962221541933056,18465,5540
793845145112371200,10083,2119
793614319594401792,0,3534
793601777308463104,8731,1849
793500921481273345,11717,2694
793286476301799424,26983,10397
793271401113350145,9459,2666
793256262322548741,21895,9412
793241302385262592,11546,3710
793226087023144960,10773,3228
793210959003287553,9788,3190
793195938047070209,16735,6348
793180763617361921,7577,2241
793165685325201412,10301,3146
793150605191548928,6765,1933
793135492858580992,7070,2803
793120401413079041,13902,4407
792913359805018113,15728,4548
792883833364439040,12391,4828
792773781206999040,8043,1900
792394556390137856,14789,4850
792050063153438720,7865,2031
791821351946420224,0,23763
791784077045166082,0,10934
791780927877898241,0,4293
791774931465953280,49382,25138
791672322847637504,12866,3534
791406955684368384,14388,4645
791312159183634433,9627,2865
791026214425268224,0,4666
790987426131050500,10846,2414
790946055508652032,18204,5313
790723298204217344,0,2620
790698755171364864,8991,2152
790581949425475584,22651,8093
790337589677002753,8569,2106
790277117346975746,13759,3635
790227638568808452,0,4052
789986466051088384,10144,2620
789960241177853952,0,4696
789903600034189313,11391,4674
789628658055020548,8261,2010
789599242079838210,7438,2185
789530877013393408,12882,3812
789314372632018944,9432,2608
789280767834746880,0,5595
789268448748703744,9997,2926
789137962068021249,10640,3150
788908386943430656,29988,14005
788765914992902144,30039,11638
788552643979468800,0,8167
788412144018661376,17091,5992
788178268662984705,7922,2405
788150585577050112,6738,1473
788070120937619456,0,3852
788039637453406209,6723,1493
787810552592695296,9504,3442
787717603741622272,11180,3136
787397959788929025,11864,3194
787322443945877504,8540,1972
787111942498508800,0,7564
786963064373534720,29083,9039
786729988674449408,0,2734
786709082849828864,19898,6871
786664955043049472,11686,2899
786595970293370880,10285,3502
786363235746385920,11932,3957
786286427768250368,8743,3239
786233965241827333,16790,5401
786051337297522688,1576,174
786036967502913536,0,7967
785927819176054784,12444,3559
785872687017132033,7312,2061
785639753186217984,8539,2495
785533386513321988,9979,2268
785515384317313025,6668,1428
785264754247995392,7949,1849
785170936622350336,13239,5490
784826020293709826,11105,3629
784517518371221505,9816,2863
784431430411685888,6214,1445
784183165795655680,22014,9103
784057939640352768,32729,12605
783839966405230592,32902,12206
783821107061198850,8049,2217
783695101801398276,11410,3622
783466772167098368,9263,2539
783391753726550016,18479,6215
783347506784731136,0,6330
783334639985389568,31963,13209
783085703974514689,8908,2495
782969140009107456,26390,8280
782747134529531904,8150,1568
782722598790725632,18856,6057
782598640137187329,8516,2118
782305867769217024,18220,6269
782021823840026624,0,7026
781955203444699136,12122,3790
781661882474196992,11410,3048
781655249211752448,4372,1256
781524693396357120,22680,6226
781308096455073793,7792,2864
781251288990355457,9233,2367
781163403222056960,10666,3067
780931614150983680,23627,8281
780858289093574656,7849,2245
780800785462489090,6024,1459
780601303617732608,13210,3744
780543529827336192,6886,1953
780496263422808064,0,4184
780476555013349377,0,133
780459368902959104,5769,1194
780192070812196864,9512,2519
780092040432480260,0,2584
780074436359819264,13386,5621
779834332596887552,20777,7967
779377524342161408,9635,3507
779124354206535695,0,20700
779123168116150273,12884,4094
779056095788752897,16149,5086
778990705243029504,21855,8190
778774459159379968,0,11196
778764940568104960,935,412
778748913645780993,7535,1502
778650543019483137,6302,1680
778624900596654080,5071,1137
778408200802557953,14868,4882
778396591732486144,0,13760
778383385161035776,6379,1233
778286810187399168,11317,3718
778039087836069888,9247,2970
778027034220126208,7157,1826
777953400541634568,0,3958
777885040357281792,6928,1845
777684233540206592,12254,3303
777641927919427584,0,4789
777621514455814149,9537,2804
777189768882946048,15594,4850
776819012571455488,0,15393
776813020089548800,5318,1357
776477788987613185,9660,3149
776249906839351296,0,10303
776218204058357768,32699,17942
776201521193218049,10452,2823
776113305656188928,12815,4897
776088319444877312,2002,171
775898661951791106,0,17355
775842724423557120,12747,3010
775733305207554048,15082,4493
775729183532220416,14071,5143
775364825476165632,8105,3350
775350846108426240,11054,4393
775085132600442880,16935,5309
774757898236878852,9294,1978
774639387460112384,7321,1951
774314403806253056,23682,6268
773985732834758656,11688,4354
773922284943896577,6957,1937
773704687002451968,7173,1834
773670353721753600,5796,1452
773547596996571136,24004,6921
773336787167145985,0,5723
773308824254029826,25263,8382
773247561583001600,10200,3589
773191612633579521,10877,4603
772877495989305348,9344,4357
772826264096874500,8681,2604
772615324260794368,0,3774
772581559778025472,7048,1899
772193107915964416,6534,1555
772152991789019136,4105,1262
772117678702071809,4078,819
772114945936949249,2946,527
772102971039580160,4361,1035
771908950375665664,7152,2119
771770456517009408,13075,3801
771500966810099713,8985,2929
771380798096281600,11463,5723
771171053431250945,0,8458
771136648247640064,9998,3268
771102124360998913,6758,1607
771014301343748096,7479,1851
771004394259247104,0,246
770787852854652928,5389,1370
770772759874076672,5642,1581
770743923962707968,0,50941
770655142660169732,7962,1953
770414278348247044,6844,2308
770293558247038976,6776,1667
770093767776997377,0,3404
770069151037685760,8232,2575
769940425801170949,34202,10802
769695466921623552,6952,1862
769335591808995329,0,8590
769212283578875904,5869,1918
768970937022709760,15660,7324
768909767477751808,0,3028
768855141948723200,4566,1002
768609597686943744,4476,1349
768596291618299904,5471,1430
768554158521745409,0,6514
768473857036525572,14785,3834
768193404517830656,11851,3958
767884188863397888,5171,1575
767754930266464257,17427,6036
767500508068192258,8134,2608
767191397493538821,13345,4272
767122157629476866,10980,3182
766864461642756096,0,6334
766793450729734144,5523,1522
766714921925144576,2820,428
766693177336135680,4386,883
766423258543644672,6537,1774
766313316352462849,7357,2110
766078092750233600,0,2894
766069199026450432,4645,974
766008592277377025,4058,554
765719909049503744,7851,2404
765669560888528897,5631,1361
765395769549590528,28571,3779
765371061932261376,7690,2406
765222098633691136,12623,3774
764857477905154048,6953,1968
764259802650378240,6578,1697
763956972077010945,797,59
763837565564780549,13693,4666
763183847194451968,5882,1653
763167063695355904,0,3377
763103485927849985,7978,2535
762699858130116608,13219,4052
762471784394268675,12260,7280
762464539388485633,11232,4696
762316489655476224,5233,1257
762035686371364864,34702,17415
761976711479193600,5872,2250
761750502866649088,0,4399
761745352076779520,4620,953
761672994376806400,53702,32395
761599872357261312,4481,1308
761371037149827077,0,19951
761334018830917632,5661,1612
761292947749015552,4840,1229
761227390836215808,5777,1722
761004547850530816,12220,3852
760893934457552897,4151,1079
760656994973933572,7168,2144
760641137271070720,5373,1441
760539183865880579,8215,4044
760521673607086080,4586,1555
760290219849637889,29028,12791
760252756032651264,4270,962
760190180481531904,6194,2015
760153949710192640,0,37
759943073749200896,6447,2323
759923798737051648,15926,6334
759846353224826880,7278,2208
759793422261743616,6469,2121
759566828574212096,0,23587
759557299618865152,5093,1306
759447681597108224,9223,2734
759446261539934208,1812,546
759197388317847553,6565,2164
759159934323924993,0,1308
759099523532779520,15753,4665
759047813560868866,7060,2242
758854675097526272,3844,993
758828659922702336,12106,4253
758474966123810816,4136,1101
758467244762497024,5206,2474
758405701903519748,5632,2137
758355060040593408,3717,1206
758099635764359168,20810,11196
758041019896193024,2937,421
757741869644341248,7451,3605
757729163776290825,0,9044
757725642876129280,4918,1359
757611664640446465,4930,1239
757597904299253760,0,323
757596066325864448,4723,1178
757400162377592832,16411,7572
757393109802180609,6326,1940
757354760399941633,4899,1584
756998049151549440,6782,2209
756939218950160384,7194,2226
756651752796094464,5494,1469
756526248105566208,11269,4029
756303284449767430,4282,1199
756288534030475264,45926,19404
756275833623502848,6969,1699
755955933503782912,7936,3196
755206590534418437,17811,5971
755110668769038337,22930,12301
754874841593970688,0,8917
754856583969079297,7437,2796
754747087846248448,2792,578
754482103782404096,5740,2155
754449512966619136,4065,817
754120377874386944,8479,2587
754011816964026368,9519,3997
753655901052166144,6329,2424
753420520834629632,8563,3963
753398408988139520,6264,2121
753375668877008896,8232,2584
753298634498793472,0,6412
753294487569522689,3683,1156
753039830821511168,40158,23258
753026973505581056,4212,1082
752932432744185856,13663,7564
752917284578922496,7435,1743
752701944171524096,0,3195
752682090207055872,6500,1787
752660715232722944,4775,1744
752568224206688256,6008,2534
752519690950500352,7969,3809
752334515931054080,4132,1223
752309394570878976,0,18483
752173152931807232,6437,2050
751950017322246144,3336,1031
751937170840121344,5651,1487
751830394383790080,6280,2165
751793661361422336,6342,3237
751598357617971201,8530,3352
751583847268179968,4773,1238
751538714308972544,5441,1402
751456908746354688,3463,1096
751251247299190784,13521,6513
751205363882532864,6813,2023
751132876104687617,5500,1442
750868782890057730,5181,1545
750719632563142656,14296,5595
750506206503038976,4817,1274
750429297815552001,14246,4789
750383411068534784,4908,1262
750381685133418496,744,35
750147208377409536,3337,1069
750132105863102464,3916,1400
750117059602808832,4662,1435
750101899009982464,3291,931
750086836815486976,2344,601
750071704093859840,8463,3700
750056684286914561,3376,984
750041628174217216,3427,684
750026558547456000,2929,872
750011400160841729,3502,1005
749996283729883136,3265,891
749981277374128128,5510,2711
749774190421639168,5019,1449
749417653287129088,6587,1849
749403093750648834,2835,606
749395845976588288,9283,3833
749317047558017024,5923,2450
749075273010798592,6226,2295
749064354620928000,5174,1674
749036806121881602,3346,865
748977405889503236,11576,3777
748932637671223296,6314,2489
748705597323898880,2983,1042
748699167502000129,5105,1767
748692773788876800,4570,1471
748575535303884801,6550,2203
748568946752774144,2355,746
748346686624440324,5625,1367
748337862848962560,8273,4568
748324050481647620,3997,844
748307329658011649,3962,792
748220828303695873,15222,8609
747963614829678593,6252,2379
747933425676525569,7142,2817
747885874273214464,3183,1093
747844099428986880,3022,824
747816857231626240,5230,1284
747651430853525504,1488,174
747648653817413632,13899,6449
747600769478692864,2501,602
747594051852075008,3970,1166
747512671126323200,5992,1745
747461612269887489,4166,1144
747439450712596480,5860,2129
747242308580548608,0,3178
747219827526344708,5680,1738
747204161125646336,3644,1010
747103485104099331,10328,4424
746906459439529985,3106,328
746872823977771008,6447,2365
746818907684614144,5692,1893
746790600704425984,5235,1760
746757706116112384,10268,4293
746726898085036033,6494,1974
746542875601690625,5417,2054
746521445350707200,0,1084
746507379341139972,4994,1191
746369468511756288,6502,1811
746131877086527488,7415,2427
746056683365994496,3809,907
745789745784041472,4346,1172
745712589599014916,7495,2562
745433870967832576,7645,2799
745422732645535745,9218,2691
745314880350101504,7690,3057
745074613265149952,8414,3873
745057283344719872,7779,2517
744995568523612160,3210,692
744971049620602880,8460,2961
744709971296780288,6012,1713
744334592493166593,7257,2360
744234799360020481,128422,77450
744223424764059648,1826,413
743980027717509120,4460,1201
743895849529389061,3915,1052
743835915802583040,0,2308
743609206067040256,4816,1513
743595368194129920,19826,7229
743545585370791937,3775,1035
743510151680958465,8473,4065
743253157753532416,4536,1331
743222593470234624,6655,2099
743210557239623680,4116,1503
742534281772302336,7567,3898
742528092657332225,4775,2185
742465774154047488,7789,4257
742423170473463808,10576,4184
742385895052087300,7295,2192
742161199639494656,4656,1510
742150209887731712,5525,1715
741793263812808706,4884,1661
741743634094141440,8758,3037
741438259667034112,3943,918
741303864243200000,9416,3554
741099773336379392,10744,6075
741067306818797568,10121,3404
740995100998766593,6869,3044
740711788199743490,3657,1028
740699697422163968,3039,856
740676976021798912,19444,7487
740373189193256964,37218,14630
740365076218183684,2662,480
740359016048689152,3537,939
740214038584557568,7169,2162
739979191639244800,21391,6514
739932936087216128,4347,1184
739844404073074688,4064,934
739623569819336705,4092,1502
739606147276148736,5777,1820
739544079319588864,42668,23587
739485634323156992,7731,3226
739238157791694849,73436,50941
738891149612572673,115,6
738885046782832640,4036,1248
738883359779196928,3579,891
738537504001953792,5464,1716
738402415918125056,3513,934
738184450748633089,4626,1327
738166403467907072,9426,3741
738156290900254721,2710,725
737826014890496000,5641,1945
737800304142471168,10699,3800
737678689543020544,5407,1467
737445876994609152,11053,4900
737322739594330112,3866,882
737310737551491075,15716,8123
736736130620620800,4624,1915
736392552031657984,19025,8167
736365877722001409,4290,1368
736225175608430592,8709,3033
736010884653420544,8473,3260
735991953473572864,3859,1259
735648611367784448,4308,1198
735635087207878657,6628,2589
735274964362878976,13923,5578
735256018284875776,3599,967
735137028879360001,3351,1058
734912297295085568,2925,564
734787690684657664,13445,6904
734776360183431168,2684,590
734559631394082816,1603,432
733828123016450049,3847,853
733822306246479872,3931,1104
733482008106668032,3363,1040
733460102733135873,4501,1406
733109485275860992,45464,17355
732732193018155009,2609,586
732726085725589504,3779,967
732585889486888962,3943,848
732375214819057664,8636,2753
732005617171337216,15972,5981
731285275100512256,3729,1074
731156023742988288,4099,1390
730924654643314689,6556,2171
730573383004487680,5271,2363
730427201120833536,3709,1140
730211855403241472,4095,1148
730196704625098752,5224,2114
729854734790754305,4299,1222
729838605770891264,1823,418
729823566028484608,4267,1358
729463711119904772,6215,2519
729113531270991872,2017,360
728986383096946689,3388,893
728760639972315136,4990,1851
728751179681943552,2988,741
728653952833728512,3542,1139
728409960103686147,5267,2203
728387165835677696,3928,1044
728046963732717569,4615,1284
728035342121635841,4858,1834
728015554473250816,4388,1195
727685679342333952,3133,696
727644517743104000,6305,1913
727524757080539137,4775,1338
727314416056803329,3549,816
727286334147182592,3241,897
727175381690781696,4132,1494
727155742655025152,3884,1450
726935089318363137,7344,2673
726887082820554753,4100,1645
726828223124897792,3792,1099
726224900189511680,4715,1269
725842289046749185,7529,2894
725786712245440512,4447,1485
725729321944506368,5533,1947
725458796924002305,1507,679
724983749226668032,3960,1429
724771698126512129,2535,699
724405726123311104,5672,1799
724049859469295616,4631,1932
724046343203856385,2846,607
724004602748780546,4474,1731
723912936180330496,4143,1339
723688335806480385,8241,3257
723673163800948736,3232,975
723179728551723008,5653,2051
722974582966214656,4388,1715
722613351520608256,5291,1790
721503162398597120,4984,2051
721001180231503872,2691,670
720785406564900865,3326,841
720775346191278080,2642,743
720415127506415616,4406,1631
720389942216527872,6846,2760
720340705894408192,3061,1064
720059472081784833,4150,1236
720043174954147842,5227,2188
719991154352222208,5161,1914
719704490224398336,4869,1588
719551379208073216,5396,2115
719367763014393856,2975,805
719339463458033665,4708,1363
719332531645071360,3641,1044
718971898235854848,3721,1203
718939241951195136,5603,1916
718631497683582976,20223,8842
718613305783398402,2613,527
718540630683709445,2654,1103
718460005985447936,2884,582
718454725339934721,5205,1643
718246886998687744,2056,547
718234618122661888,4130,1090
717841801130979328,2612,649
717790033953034240,3093,1233
717537687239008257,6154,2011
717428917016076293,1709,497
717421804990701568,3369,923
717047459982213120,6684,2080
717009362452090881,3491,1069
716802964044845056,4549,1279
716791146589110272,5903,1516
716730379797970944,1309,460
716447146686459905,14004,6425
716439118184652801,2520,240
716285507865542656,2969,1191
716080869887381504,5219,1902
715928423106027520,3418,957
715758151270801409,3987,1555
715733265223708672,4980,1855
715704790270025728,2991,617
715696743237730304,4167,1410
715680795826982913,4614,1772
715360349751484417,5842,1717
715342466308784130,3225,747
715220193576927233,2572,716
715200624753819648,5470,2057
715009755312439296,4450,1353
714982300363173890,4007,1131
714962719905021952,7858,4673
714957620017307648,4418,1551
714631576617938945,3490,1091
714606013974974464,3861,1017
714485234495041536,2894,1271
714258258790387713,3208,784
714251586676113411,3489,918
714214115368108032,2424,961
714141408463036416,4587,1531
713919462244790272,3488,850
713909862279876608,2040,598
713900603437621249,3017,811
713761197720473600,5196,1500
713411074226274305,4706,1410
713177543487135744,7688,3102
713175907180089344,4756,1589
712809025985978368,19886,7360
712717840512598017,13208,5452
712668654853337088,4444,1329
712438159032893441,5678,1706
712309440758808576,261,25
712097430750289920,4052,1135
712092745624633345,3142,985
712085617388212225,3451,533
712065007010385924,2415,686
711998809858043904,0,137
711968124745228288,8598,2525
711743778164514816,3031,1076
711732680602345472,9518,4513
711694788429553666,35114,19951
711652651650457602,4129,1001
711363825979756544,3911,1246
711306686208872448,3529,797
711008018775851008,3199,685
710997087345876993,4859,1519
710844581445812225,2724,749
710833117892898816,2877,587
710658690886586372,2465,617
710609963652087808,5126,2565
710588934686908417,4870,2052
710296729921429505,2530,804
710283270106132480,2275,564
710272297844797440,4834,1378
710269109699739648,2562,1228
710153181850935296,3102,971
710140971284037632,2956,977
710117014656950272,5869,2177
709918798883774466,3184,1173
709901256215666688,719,109
709852847387627521,3747,1302
709566166965075968,3771,1320
709556954897764353,3506,1164
709519240576036864,1588,263
709449600415961088,2377,646
709409458133323776,2798,763
709225125749587968,2561,627
709207347839836162,13463,6381
709198395643068416,2572,699
709179584944730112,2151,737
709158332880297985,2187,454
709042156699303936,5091,1801
708853462201716736,1911,718
708845821941387268,3170,981
708834316713893888,1821,550
708810915978854401,17650,7618
708738143638450176,2929,887
708711088997666817,2727,797
708479650088034305,2720,741
708469915515297792,3288,894
708400866336894977,17125,11058
708356463048204288,3852,1473
708349470027751425,2514,806
708149363256774660,4562,1688
708130923141795840,3620,917
708119489313951744,2869,1068
708109389455101952,2071,591
708026248782585858,4663,2104
707995814724026368,3318,1227
707983188426153984,51,2
707969809498152960,2882,1062
707776935007539200,3504,1038
707741517457260545,2661,670
707738799544082433,4386,2703
707693576495472641,3660,1095
707629649552134146,2760,959
707610948723478529,18144,7026
707420581654872064,2439,765
707411934438625280,2431,655
707387676719185920,3751,1431
707377100785885184,3519,1178
707315916783140866,2637,704
707297311098011648,2948,878
707059547140169728,2752,740
707038192327901184,2355,877
707021089608753152,4342,1501
707014260413456384,2463,647
706904523814649856,15589,8590
706901761596989440,2211,662
706681918348251136,3546,1060
706644897839910912,2758,1197
706593038911545345,2310,690
706538006853918722,3701,1541
706516534877929472,3312,1128
706346369204748288,3684,1007
706310011488698368,22966,8763
706291001778950144,1818,511
706265994973601792,2914,1003
706169069255446529,4196,2439
706166467411222528,5513,1765
706153300320784384,1599,420
705975130514706432,3323,809
705970349788291072,3366,976
705898680587526145,2540,620
705786532653883392,2090,581
705591895322394625,3395,1267
705475953783398401,3174,1012
705442520700944385,4771,1807
705428427625635840,4085,1864
705239209544720384,3208,820
705223444686888960,2762,881
705102439679201280,2306,565
705066031337840642,2328,663
704871453724954624,4544,1219
704859558691414016,2412,599
704847917308362754,5474,1685
704819833553219584,2833,1105
704761120771465216,7113,3178
704499785726889984,3149,1090
704491224099647488,820,92
704480331685040129,3644,1158
704364645503647744,8614,3889
704347321748819968,1693,386
704134088924532736,1623,509
704113298707505153,1989,616
704054845121142784,3130,1003
703774238772166656,1978,510
703769065844768768,3528,1243
703631701117943808,2781,757
703611486317502464,4139,1666
703425003149250560,4078,1514
703407252292673536,2639,761
703382836347330562,3756,1252
703356393781329922,2042,423
703268521220972544,2108,607
703079050210877440,7910,3383
703041949650034688,28343,13760
702932127499816960,2776,796
702899151802126337,1731,493
702684942141153280,3445,1180
702671118226825216,2345,613
702598099714314240,11086,3601
702539513671897089,3075,1055
702332542343577600,3427,1701
702321140488925184,3521,1130
702276748847800320,2650,835
702217446468493312,5155,1470
701981390485725185,3686,1084
701952816642965504,4091,1113
701889187134500865,3821,1510
701805642395348998,3675,1853
701601587219795968,2237,504
701570477911896070,3016,1025
701545186879471618,2842,664
701214700881756160,13134,5627
700890391244103680,2383,629
700864154249383937,2779,669
700847567345688576,2605,545
700796979434098688,2612,1046
700747788515020802,24526,10303
700518061187723268,2822,875
700505138482569216,2442,624
700462010979500032,4447,1974
700167517596164096,2841,819
700151421916807169,2402,726
700143752053182464,8088,3028
700062718104104960,2828,760
700029284593901568,2215,636
700002074055016451,3545,1475
699801817392291840,3267,1057
699788877217865730,2410,543
699779630832685056,2967,1357
699775878809702401,2099,669
699691744225525762,11000,5031
699446877801091073,6361,2863
699434518667751424,2327,559
699423671849451520,1466,362
699413908797464576,2209,675
699370870310113280,2011,482
699323444782047232,3385,950
699088579889332224,2395,692
699079609774645248,2620,717
699072405256409088,3223,1295
699060279947165696,4054,1990
699036661657767936,2798,1309
698989035503689728,3632,1080
698953797952008193,2903,986
698907974262222848,2725,680
698710712454139905,2655,752
698703483621523456,1556,415
698635131305795584,1374,374
698549713696649216,2486,679
698355670425473025,2005,492
698342080612007937,2433,1041
698262614669991936,5098,2207
698195409219559425,17998,6553
698178924120031232,3015,807
697995514407682048,1631,364
697990423684476929,3525,1419
697943111201378304,2572,756
697881462549430272,3242,1300
697630435728322560,1872,591
697616773278015490,3383,1108
697596423848730625,3247,1379
697575480820686848,2191,552
697516214579523584,2224,1243
697482927769255936,2594,742
697463031882764288,3657,1513
697270446429966336,5007,2039
697259378236399616,3524,1094
697255105972801536,3241,1273
697242256848379904,2697,733
696900204696625153,3426,1124
696894894812565505,2522,739
696886256886657024,5183,1961
696877980375769088,2625,781
696754882863349760,1578,388
696744641916489729,2235,1040
696713835009417216,2550,717
696518437233913856,4186,1851
696490539101908992,1311,162
696488710901260288,2726,1132
696405997980676096,3447,1247
696100768806522880,2077,726
695816827381944320,3214,1282
695794761660297217,3413,854
695767669421768709,2007,819
695629776980148225,4908,2315
695446424020918272,4668,1980
695409464418041856,9229,3910
695314793360662529,3913,1620
695095422348574720,2826,674
695074328191332352,3047,1209
695064344191721472,1721,659
695051054296211456,2855,864
694925794720792577,2896,1008
694905863685980160,2966,1029
694669722378485760,38217,15854
694356675654983680,1615,317
694352839993344000,2183,680
694342028726001664,1687,531
694329668942569472,2152,549
694206574471057408,4493,2241
694183373896572928,3152,1016
694001791655137281,3630,1133
693993230313091072,2006,443
693942351086120961,1854,405
693647888581312512,2894,651
693644216740769793,1441,142
693642232151285760,2728,455
693629975228977152,2631,879
693622659251335168,1648,406
693590843962331137,5436,2159
693582294167244802,1759,282
693486665285931008,1900,684
693280720173801472,3601,1362
693267061318012928,2557,900
693262851218264065,2393,549
693231807727280129,3066,805
693155686491000832,8467,3516
693109034023534592,1842,672
693095443459342336,2010,507
692919143163629568,2864,817
692905862751522816,2611,965
692901601640583168,1922,661
692894228850999298,2442,884
692828166163931137,3086,964
692752401762250755,7324,3992
692568918515392513,4648,1683
692535307825213440,3428,1488
692530551048294401,1979,459
692423280028966913,1582,253
692417313023332352,10053,3811
692187005137076224,2701,901
692158366030913536,2309,876
692142790915014657,1758,430
692041934689402880,3642,1394
692017291282812928,3075,1051
691820333922455552,4230,1805
691793053716221953,8733,4610
691756958957883396,3100,1125
691675652215414786,2079,559
691483041324204033,2543,630
691459709405118465,4349,1255
691444869282295808,2841,933
691416866452082688,20780,8404
691321916024623104,2768,723
691096613310316544,3174,983
691090071332753408,1828,372
690989312272396288,6350,3163
690959652130045952,3832,1382
690938899477221376,4443,2192
690932576555528194,3527,1117
690735892932222976,4043,1408
690728923253055490,2321,571
690690673629138944,2488,869
690649993829576704,1404,308
690607260360429569,310,19
690597161306841088,2105,659
690400367696297985,2001,495
690374419777196032,3484,950
690360449368465409,2854,977
690348396616552449,1609,558
690248561355657216,1805,454
690021994562220032,2994,1137
690015576308211712,2685,808
690005060500217858,3923,1854
689999384604450816,1527,413
689993469801164801,1576,503
689977555533848577,1464,489
689905486972461056,2595,761
689877686181715968,3235,1304
689835978131935233,2317,825
689661964914655233,3426,1015
689659372465688576,11168,4282
689623661272240129,2401,717
689599056876867584,12492,6070
689557536375177216,2206,509
689517482558820352,3639,1568
689289219123089408,2414,1015
689283819090870273,3526,1214
689280876073582592,2144,790
689275259254616065,1240,272
689255633275777024,2752,1182
689154315265683456,3282,1104
689143371370250240,2181,568
688916208532455424,2929,959
688908934925697024,2269,847
688898160958271489,2254,865
688894073864884227,2391,770
688828561667567616,1472,406
688804835492233216,1025,215
688789766343622656,2374,728
688547210804498433,2791,770
688519176466644993,2469,801
688385280030670848,9981,4896
688211956440801280,2382,919
688179443353796608,2269,645
688116655151435777,3025,862
688064179421470721,1837,395
687841446767013888,5869,2790
687826841265172480,2928,1253
687818504314159109,2684,1051
687807801670897665,2564,767
687732144991551489,1891,725
687704180304273409,2616,929
687664829264453632,2080,564
687494652870668288,2053,633
687480748861947905,1714,273
687476254459715584,2124,592
687460506001633280,2188,595
687399393394311168,2032,688
687317306314240000,21576,10085
687312378585812992,4673,2092
687127927494963200,5866,2519
687124485711986689,2319,557
687109925361856513,6222,2719
687102708889812993,2508,1091
687096057537363968,2403,672
686947101016735744,9239,3488
686760001961103360,3764,1510
686749460672679938,3730,1611
686730991906516992,4451,1316
686683045143953408,3007,885
686618349602762752,3944,1496
686606069955735556,2022,595
686394059078897668,1885,752
686386521809772549,3481,975
686377065986265092,2377,621
686358356425093120,2356,751
686286779679375361,4287,1837
686050296934563840,2364,811
686035780142297088,1239,134
686034024800862208,3342,1290
686007916130873345,2649,460
686003207160610816,1954,705
685973236358713344,2267,590
685943807276412928,1756,674
685906723014619143,8081,3203
685681090388975616,2171,139
685667379192414208,2504,636
685663452032069632,3479,1607
685641971164143616,3138,854
685547936038666240,35396,17247
685532292383666176,3263,1269
685325112850124800,10199,4399
685321586178670592,2842,712
685315239903100929,3592,1187
685307451701334016,2213,482
685268753634967552,3334,1335
685198997565345792,2490,737
685169283572338688,4389,1569
684969860808454144,2462,422
684959798585110529,7144,3443
684940049151070208,3447,1152
684926975086034944,3763,524
684914660081053696,3755,1611
684902183876321280,2008,585
684880619965411328,2251,911
684830982659280897,37679,23763
684800227459624960,2911,1090
684594889858887680,9596,3897
684588130326986752,4415,1552
684567543613382656,3223,1363
684538444857667585,2846,1061
684481074559381504,4145,1289
684460069371654144,2113,611
684241637099323392,8758,3633
684225744407494656,1329,232
684222868335505415,4124,1523
684200372118904832,2330,1135
684195085588783105,2052,572
684188786104872960,3730,1295
684177701129875456,2165,740
684147889187209216,3195,1648
684122891630342144,2131,525
684097758874210310,4406,1577
683857920510050305,4066,1226
683852578183077888,2061,386
683849932751646720,2810,1080
683834909291606017,2812,1219
683828599284170753,2984,1161
683773439333797890,3590,1487
683742671509258241,7000,3668
683515932363329536,7896,3195
683498322573824003,3392,1054
683481228088049664,2817,1088
683462770029932544,2613,737
683449695444799489,4170,1771
683391852557561860,8157,2622
683357973142474752,3161,1036
683142553609318400,3087,1148
683111407806746624,3647,1005
683098815881154561,2320,717
683078886620553216,2127,617
683030066213818368,2314,805
682962037429899265,39774,18415
682808988178739200,1898,204
682788441537560576,2647,1232
682750546109968385,1628,479
682697186228989953,1409,393
682662431982772225,3263,1179
682638830361513985,2204,659
682429480204398592,3676,1276
682406705142087680,8128,1946
682393905736888321,2385,750
682389078323662849,1787,511
682303737705140231,3299,1098
682259524040966145,4470,1345
682242692827447297,3490,1300
682088079302213632,19666,10934
682059653698686977,5313,1866
682047327939461121,3438,1063
682032003584274432,7052,2221
682003177596559360,3375,1678
681981167097122816,2967,1131
681891461017812993,2644,916
681694085539872773,13699,4445
681679526984871937,1879,488
681654059175129088,2829,1022
681610798867845120,2048,518
681579835668455424,3805,1443
681523177663676416,15366,6412
681340665377193984,1754,305
681339448655802368,9954,4465
681320187870711809,2849,840
681302363064414209,4222,2012
681297372102656000,3406,1055
681281657291280384,3442,1211
681261549936340994,1556,300
681242418453299201,1602,603
681231109724700672,2557,530
681193455364796417,3971,1636
680970795137544192,2595,725
680959110691590145,4877,2183
680940246314430465,3456,1166
680934982542561280,2221,485
680913438424612864,2556,680
680889648562991104,1890,403
680836378243002368,3687,1468
680805554198020098,2315,725
680801747103793152,2537,907
680798457301471234,3059,1145
680609293079592961,2823,784
680583894916304897,3856,1473
680497766108381184,4530,2105
680494726643068929,1837,528
680473011644985345,2709,821
680440374763077632,1551,552
680221482581123072,1558,318
680206703334408192,3034,1290
680191257256136705,2292,560
680176173301628928,4171,1715
680161097740095489,2474,802
680145970311643136,3872,1911
680130881361686529,2453,1044
680115823365742593,2899,1003
680100725817409536,3815,1507
680085611152338944,13667,9779
680070545539371008,2748,962
680055455951884288,17874,7829
679877062409191424,2099,706
679872969355714560,2312,726
679862121895714818,2631,684
679854723806179328,3071,1356
679844490799091713,2535,857
679828447187857408,38800,15393
679777920601223168,3299,1235
679736210798047232,2240,882
679729593985699840,2310,906
679722016581222400,1770,520
679530280114372609,5081,2278
679527802031484928,2832,802
679511351870550016,3604,1415
679503373272485890,3383,1629
679475951516934144,2245,703
679462823135686656,34018,20700
679405845277462528,2539,1328
679158373988876288,22993,8917
679148763231985668,2959,1130
679132435750195208,3169,1275
679111216690831360,6377,2813
679062614270468097,18283,9044
679047485189439488,2408,752
679001094530465792,3013,1351
678991772295516161,2483,1284
678969228704284672,1749,506
678800283649069056,2746,988
678798276842360832,3723,1303
678774928607469569,2967,1011
678767140346941444,3766,1507
678764513869611008,1739,526
678755239630127104,7625,3641
678740035362037760,3997,1872
678708137298427904,5936,2669
678675843183484930,3069,1634
678643457146150913,2186,470
678446151570427904,4260,1727
678424312106393600,5774,2788
678410210315247616,4522,2000
678399652199309312,61874,30288
678396796259975168,1688,459
678389028614488064,1989,459
678380236862578688,2594,988
678341075375947776,1840,590
678334497360859136,1382,292
678278586130948096,12240,6644
678255464182861824,1686,406
678023323247357953,2049,426
678021115718029313,14657,6957
677961670166224897,3623,1832
677918531514703872,1433,445
677895101218201600,5147,2314
677716515794329600,3242,1067
677700003327029250,3600,1567
677698403548192770,1299,347
677687604918272002,2626,918
677673981332312066,3545,1632
677662372920729601,2077,1064
677644091929329666,1996,867
677573743309385728,2272,798
677565715327688705,1370,499
677557565589463040,2592,1269
677547928504967168,7372,3960
677530072887205888,1130,244
677335745548390400,3245,1951
677334615166730240,1438,319
677331501395156992,1157,258
677328882937298944,3855,1632
677314812125323265,1749,586
677301033169788928,1321,452
677269281705472000,2107,766
677228873407442944,3755,1782
677187300187611136,2901,1000
676975532580409345,2940,1167
676949632774234114,1373,427
676948236477857792,2298,950
676946864479084545,1803,409
676942428000112642,2202,831
676936541936185344,13484,5357
676916996760600576,3151,1951
676897532954456065,2380,789
676864501615042560,2231,781
676821958043033607,24497,17034
676819651066732545,1909,721
676811746707918848,1502,459
676776431406465024,5281,2186
676617503762681856,3066,1071
676613908052996102,1150,210
676606785097199616,1991,478
676603393314578432,1237,426
676593408224403456,4840,2344
676590572941893632,976,139
676588346097852417,2472,865
676582956622721024,1273,305
676575501977128964,2733,1222
676533798876651520,1984,605
676496375194980353,1598,580
676470639084101634,12340,5081
676440007570247681,1818,728
676430933382295552,1475,374
676263575653122048,2186,591
676237365392908289,1290,322
676219687039057920,79101,33735
676215927814406144,1833,638
676191832485810177,2401,1112
676146341966438401,2027,724
676121918416756736,2266,1266
676101918813499392,2965,1251
676098748976615425,3188,1562
676089483918516224,1386,464
675898130735476737,1732,630
675891555769696257,2248,946
675888385639251968,2515,1037
675878199931371520,4418,1526
675870721063669760,1733,611
675853064436391936,2842,1410
675849018447167488,997,165
675845657354215424,2410,966
675822767435051008,1605,575
675820929667219457,1106,248
675798442703122432,10837,3663
675781562965868544,1701,513
675740360753160193,1224,373
675710890956750848,1998,899
675707330206547968,2100,746
675706639471788032,679,103
675534494439489536,1904,452
675531475945709568,1243,416
675522403582218240,1093,307
675517828909424640,1377,492
675501075957489664,18074,6289
675497103322386432,3308,1405
675489971617296384,1362,645
675483430902214656,1944,1048
675432746517426176,1596,613
675372240448454658,1798,545
675362609739206656,1103,250
675354435921575936,34479,18483
675349384339542016,4142,2445
675334060156301312,2924,1389
675166823650848770,3809,1744
675153376133427200,6619,2808
675149409102012420,3935,1816
675147105808306176,994,260
675146535592706048,1255,338
675145476954566656,2243,967
675135153782571009,1362,529
675113801096802304,2052,842
675111688094527488,1010,272
675109292475830276,2926,1216
675047298674663426,1110,354
675015141583413248,2846,1290
675006312288268288,1023,242
675003128568291329,1625,505
674999807681908736,2360,1190
674805413498527744,906,380
674800520222154752,3152,929
674793399141146624,2631,1174
674790488185167872,1152,271
674788554665512960,846,223
674781762103414784,2098,1300
674774481756377088,1181,513
674767892831932416,1922,858
674764817387900928,826,258
674754018082705410,1425,481
674752233200820224,1540,501
674743008475090944,1468,587
674742531037511680,514,54
674739953134403584,1172,422
674737130913071104,673,99
674690135443775488,1201,499
674670581682434048,1693,699
674664755118911488,963,271
674646392044941312,1499,538
674644256330530816,1075,295
674638615994089473,1753,628
674632714662858753,1566,616
674606911342424069,985,108
674468880899788800,6505,2209
674447403907457024,1110,382
674436901579923456,1166,420
674422304705744896,1492,568
674416750885273600,711,149
674410619106390016,1250,500
674394782723014656,1563,615
674372068062928900,889,331
674330906434379776,583,77
674318007229923329,1477,551
674307341513269249,11858,7431
674291837063053312,15454,6330
674271431610523648,1638,777
674269164442398721,934,245
674265582246694913,1712,900
674262580978937856,1355,488
674255168825880576,1530,601
674082852460433408,784,181
674075285688614912,1020,305
674063288070742018,6645,2379
674053186244734976,3475,1399
674051556661161984,1516,516
674045139690631169,1474,688
674042553264685056,750,136
674038233588723717,1147,436
674036086168010753,876,233
674024893172875264,1867,1310
674019345211760640,1180,322
674014384960745472,1636,693
674008982932058114,1253,376
673956914389192708,2034,1034
673919437611909120,1216,388
673906403526995968,3326,1739
673887867907739649,973,267
673716320723169284,3210,813
673715861853720576,3701,2234
673711475735838725,1083,318
673709992831262724,886,296
673708611235921920,1117,308
673707060090052608,1148,419
673705679337693185,1308,422
673700254269775872,1492,609
673697980713705472,3965,2092
673689733134946305,1816,689
673688752737402881,1317,527
673686845050527744,1506,465
673680198160809984,1426,499
673662677122719744,1302,384
673656262056419329,749,258
673636718965334016,1167,395
673612854080196609,1653,775
673583129559498752,1238,391
673580926094458881,863,284
673576835670777856,1439,596
673363615379013632,1064,330
673359818736984064,1519,711
673355879178194945,1551,626
673352124999274496,1718,575
673350198937153538,762,223
673345638550134785,2626,1373
673343217010679808,1010,283
673342308415348736,1316,630
673320132811366400,14100,8458
673317986296586240,902,281
673295268553605120,7841,3377
673270968295534593,1104,394
673240798075449344,1474,771
673213039743795200,2344,900
673148804208660480,1771,668
672997845381865473,2042,764
672995267319328768,991,316
672988786805112832,1012,305
672984142909456390,1297,573
672980819271634944,1878,1052
672975131468300288,1754,975
672970152493887488,994,375
672968025906282496,1367,583
672964561327235073,1475,680
672902681409806336,1421,533
672898206762672129,922,445
672884426393653248,1619,879
672877615439593473,1066,391
672834301050937345,1367,608
672828477930868736,1305,518
672640509974827008,1009,340
672622327801233409,1344,523
672614745925664768,1270,623
672609152938721280,1157,410
672604026190569472,1159,431
672594978741354496,1376,641
672591762242805761,988,350
672591271085670400,755,198
672538107540070400,1066,394
672523490734551040,677,181
672488522314567680,1154,465
672482722825261057,1178,641
672481316919734272,739,129
672475084225949696,1494,742
672466075045466113,1411,572
672272411274932228,6719,3588
672267570918129665,1556,646
672264251789176834,1191,363
672256522047614977,2926,1653
672254177670729728,1481,782
672248013293752320,1791,639
672245253877968896,713,164
672239279297454080,929,336
672231046314901505,1915,1065
672222792075620352,813,224
672205392827572224,2349,1226
672169685991993344,1057,393
672160042234327040,905,382
672139350159835138,1824,767
672125275208069120,2502,1211
672095186491711488,1034,388
672082170312290304,979,387
672068090318987265,1352,545
671896809300709376,8791,4397
671891728106971137,1382,594
671882082306625538,3603,1454
671879137494245376,1478,728
671874878652489728,1302,584
671866342182637568,1170,531
671855973984772097,954,483
671789708968640512,7343,3692
671768281401958400,1239,553
671763349865160704,1749,975
671744970634719232,1398,817
671743150407421952,767,240
671735591348891648,1499,792
671729906628341761,8886,4632
671561002136281088,13384,7684
671550332464455680,951,219
671547767500775424,1411,632
671544874165002241,2075,1110
671542985629241344,1135,598
671538301157904385,962,418
671536543010570240,1225,435
671533943490011136,1070,611
671528761649688577,876,272
671520732782923777,1453,561
671518598289059840,984,306
671511350426865664,1680,771
671504605491109889,7323,3744
671497587707535361,957,472
671488513339211776,1050,496
671486386088865792,605,217
671485057807351808,792,243
671390180817915904,1470,782
671362598324076544,1164,310
671357843010908160,416,155
671355857343524864,496,118
671347597085433856,1010,460
671186162933985280,768,228
671182547775299584,1166,362
671166507850801152,908,375
671163268581498880,1731,1173
671159727754231808,388,86
671154572044468225,747,229
671151324042559489,695,161
671147085991960577,698,242
671141549288370177,1213,691
671138694582165504,967,425
671134062904504320,776,205
671122204919246848,3638,2687
671115716440031232,1406,817
671109016219725825,1190,464
670995969505435648,1150,308
670842764863651840,25531,9300
670840546554966016,617,206
670838202509447168,1158,736
670833812859932673,465,132
670832455012716544,765,231
670826280409919488,5799,4315
670823764196741120,806,201
670822709593571328,633,102
670815497391357952,3310,1643
670811965569282048,1172,284
670807719151067136,1189,520
670804601705242624,2043,1004
670803562457407488,351,93
670797304698376195,756,248
670792680469889025,867,293
670789397210615808,689,254
670786190031921152,627,213
670783437142401025,850,419
670782429121134593,1641,831
670780561024270336,807,304
670778058496974848,339,76
670764103623966721,1114,451
670755717859713024,465,120
670733412878163972,996,537
670727704916926465,866,390
670717338665226240,1266,526
670704688707301377,789,391
670691627984359425,610,256
670679630144274432,779,307
670676092097810432,261,45
670668383499735048,11161,5349
670474236058800128,1586,810
670468609693655041,364,89
670465786746662913,1010,587
670452855871037440,570,220
670449342516494336,1235,710
670444955656130560,6975,2092
670442337873600512,677,206
670435821946826752,1093,555
670434127938719744,1462,688
670433248821026816,335,121
670428280563085312,1447,674
670427002554466305,537,174
670421925039075328,1363,681
670420569653809152,655,332
670417414769758208,588,341
670411370698022913,2125,959
670408998013820928,580,237
670403879788544000,450,168
670385711116361728,582,227
670374371102445568,767,286
670361874861563904,340,71
670338931251150849,443,118
670319130621435904,4010,1308
670303360680108032,442,143
670290420111441920,737,300
670093938074779648,1077,358
670086499208155136,724,267
670079681849372674,2320,1335
670073503555706880,1625,839
670069087419133954,660,262
670061506722140161,795,367
670055038660800512,695,350
670046952931721218,674,187
670040295598354432,782,117
670037189829525505,610,296
670003130994700288,345,98
669993076832759809,336,89
669972011175813120,461,171
669970042633789440,313,64
669942763794931712,528,179
669926384437997569,394,111
669923323644657664,245,61
669753178989142016,840,425
669749430875258880,283,68
669684865554620416,542,94
669683899023405056,408,116
669682095984410625,368,141
669680153564442624,697,304
669661792646373376,838,463
669625907762618368,3679,1912
669603084620980224,985,392
669597912108789760,533,160
669583744538451968,1547,988
669573570759163904,450,153
669571471778410496,1648,1062
669567591774625800,243,60
669564461267722241,402,130
669393256313184256,378,81
669375718304980992,1390,764
669371483794317312,515,190
669367896104181761,477,166
669363888236994561,651,242
669359674819481600,381,131
669354382627049472,2818,1344
669353438988365824,671,269
669351434509529089,461,198
669328503091937280,1050,440
669327207240699904,599,121
669324657376567296,513,218
669216679721873412,938,408
669214165781868544,460,178
669203728096960512,1047,504
669037058363662336,683,328
669015743032369152,768,392
669006782128353280,596,264
669000397445533696,21689,6734
668994913074286592,458,248
668992363537309700,779,369
668989615043424256,710,345
668988183816871936,936,500
668986018524233728,574,177
668981893510119424,563,326
668979806671884288,826,373
668975677807423489,1364,619
668967877119254528,154,25
668960084974809088,734,251
668955713004314625,295,74
668932921458302977,281,61
668902994700836864,330,106
668892474547511297,412,161
668872652652679168,548,314
668852170888998912,470,174
668826086256599040,456,147
668815180734689280,595,285
668779399630725120,732,397
668655139528511488,550,229
668645506898350081,934,573
668643542311546881,922,562
668641109086707712,1122,563
668636665813057536,1082,510
668633411083464705,2938,1744
668631377374486528,745,338
668627278264475648,332,122
668625577880875008,410,140
668623201287675904,1505,826
668620235289837568,216,46
668614819948453888,635,334
668587383441514497,1731,1145
668567822092664832,254,61
668544745690562560,542,239
668542336805281792,483,226
668537837512433665,258,78
668528771708952576,484,237
668507509523615744,339,113
668496999348633600,427,139
668484198282485761,442,248
668480044826800133,477,155
668466899341221888,920,544
668297328638447616,643,313
668291999406125056,259,34
668286279830867968,524,144
668274247790391296,856,241
668268907921326080,574,251
668256321989451776,1352,650
668248472370458624,1028,511
668237644992782336,6443,3001
668226093875376128,316,110
668221241640230912,525,209
668204964695683073,574,204
668190681446379520,674,205
668171859951755264,511,202
668154635664932864,513,330
668142349051129856,580,302
668113020489474048,689,258
667937095915278337,1321,838
667924896115245057,309,117
667915453470232577,217,58
667911425562669056,511,318
667902449697558528,876,390
667886921285246976,1967,1150
667885044254572545,846,508
667878741721415682,403,124
667873844930215936,651,427
667866724293877760,3103,1084
667861340749471744,250,81
667832474953625600,294,65
667806454573760512,1089,524
667801013445750784,338,98
667793409583771648,721,345
667782464991965184,426,253
667773195014021121,240,59
667766675769573376,460,229
667728196545200128,385,158
667724302356258817,504,332
667550904950915073,0,35
667550882905632768,0,33
667549055577362432,5985,2396
667546741521195010,342,132
667544320556335104,893,549
667538891197542400,209,70
667534815156183040,844,562
667530908589760512,488,254
667524857454854144,1752,1167
667517642048163840,379,198
667509364010450944,6996,2216
667502640335572993,548,227
667495797102141441,545,287
667491009379606528,548,237
667470559035432960,264,101
667455448082227200,195,65
667453023279554560,320,93
667443425659232256,805,605
667437278097252352,463,248
667435689202614272,312,85
667405339315146752,478,225
667393430834667520,201,58
667369227918143488,376,169
667211855547486208,505,250
667200525029539841,629,272
667192066997374976,400,110
667188689915760640,765,432
667182792070062081,14752,6460
667177989038297088,194,57
667176164155375616,627,474
667174963120574464,255,86
667171260800061440,228,95
667165590075940865,2754,1191
667160273090932737,262,65
667152164079423490,48973,17804
667138269671505920,4735,2308
667119796878725120,336,133
667090893657276420,338,130
667073648344346624,412,127
667070482143944705,85,14
667065535570550784,169,49
667062181243039745,221,56
667044094246576128,191,51
667012601033924608,460,234
666996132027977728,248,98
666983947667116034,2619,1014
666837028449972224,839,568
666835007768551424,220,81
666826780179869698,258,99
666817836334096384,531,259
666804364988780544,244,94
666786068205871104,780,500
666781792255496192,397,203
666776908487630848,360,178
666739327293083650,240,67
666701168228331520,441,223
666691418707132416,190,48
666649482315059201,896,592
666644823164719104,235,85
666454714377183233,529,212
666447344410484738,105,22
666437273139982337,129,50
666435652385423360,168,54
666430724426358785,321,199
666428276349472768,166,84
666421158376562688,319,114
666418789513326592,127,47
666411507551481857,450,329
666407126856765440,111,41
666396247373291520,168,86
666373753744588802,189,93
666362758909284353,782,577
666353288456101888,223,73
666345417576210432,300,140
666337882303524864,199,92
666293911632134144,512,358
666287406224695296,150,68
666273097616637952,178,76
666268910803644416,105,35
666104133288665088,14404,6665
666102155909144576,79,13
666099513787052032,158,69
666094000022159362,166,76
666082916733198337,119,45
666073100786774016,323,166
666071193221509120,148,62
666063827256086533,479,223
666058600524156928,112,57
666057090499244032,298,141
666055525042405380,437,257
666051853826850816,1229,854
666050758794694657,132,58
666049248165822465,109,40
666044226329800704,299,141
666033412701032449,125,44
666029285002620928,130,47
666020888022790149,2562,518
666020888022790149,2562,518
666020888022790149,2562,518
666020888022790149,2562,519
666020888022790149,2562,518
666020888022790149,2562,518
666020888022790149,2562,518
666020888022790149,2562,518
666020888022790149,2562,519
666020888022790149,2562,518
666020888022790149,2562,518
666020888022790149,2562,518
666020888022790149,2562,518
666020888022790149,2562,519
